500.00
8.26
32.26
33.33
29.41
35.71
35.71
31.25
35.71
35.71
34.48
32.26
34.48
34.48
31.25
35.71
34.48
29.41
22.22
33.33
33.33
16.67
19.61
24.39
32.26
31.25
22.73
34.48
34.48
34.48
33.33
18.52
23.26
15.15
27.78
25.64
34.48
34.48
35.71
25.64
33.33
17.86
27.03
30.30
27.03
35.71
35.71
37.04
34.48
35.71
35.71
33.33
31.25
35.71
28.57
35.71
35.71
35.71
33.33
35.71
37.04
30.30
34.48
29.41
24.39
37.04
35.71
29.41
33.33
37.04
33.33
33.33
33.33
37.04
32.26
25.64
35.71
38.46
37.04
33.33
38.46
30.30
38.46
35.71
34.48
34.48
38.46
33.33
33.33
40.00
34.48
37.04
34.48
38.46
29.41
19.23
38.46
31.25
38.46
37.04
40.00
34.48
38.46
37.04
37.04
38.46
37.04
34.48
33.33
20.41
34.48
35.71
37.04
37.04
32.26
33.33
33.33
35.71
29.41
26.32
33.33
37.04
35.71
30.30
35.71
35.71
35.71
34.48
35.71
21.74
26.32
27.78
33.33
35.71
32.26
25.00
34.48
33.33
30.30
37.04
34.48
23.81
26.32
31.25
32.26
35.71
34.48
31.25
33.33
37.04
35.71
37.04
32.26
33.33
31.25
34.48
35.71
34.48
37.04
35.71
37.04
32.26
34.48
33.33
32.26
30.30
35.71
34.48
37.04
25.00
35.71
28.57
38.46
38.46
27.03
29.41
27.78
25.00
28.57
29.41
29.41
28.57
30.30
35.71
28.57
29.41
23.26
26.32
23.26
27.78
23.81
26.32
33.33
29.41
23.26
26.32
30.30
28.57
35.71
32.26
34.48
33.33
24.39
22.73
38.46
34.48
37.04
33.33
28.57
32.26
25.64
33.33
30.30
17.86
18.87
24.39
29.41
32.26
22.22
24.39
28.57
25.64
26.32
16.67
25.00
21.28
25.64
28.57
31.25
30.30
27.78
19.23
21.74
31.25
27.78
35.71
31.25
34.48
33.33
28.57
33.33
34.48
32.26
