333.33
6.13
12.20
13.16
20.41
15.38
13.51
13.33
10.64
14.49
13.16
15.87
13.16
14.71
14.71
18.87
16.39
11.63
15.38
8.55
15.38
10.87
23.26
20.00
13.16
12.50
27.03
17.54
18.18
9.26
35.71
12.99
11.63
26.32
14.08
23.81
23.81
11.90
18.52
12.20
15.15
18.87
16.67
13.51
15.87
18.52
12.50
10.87
15.62
8.70
24.39
11.63
20.41
8.47
20.41
22.73
22.73
17.54
10.87
26.32
17.54
20.83
12.66
17.24
17.86
15.87
10.64
34.48
28.57
18.87
20.00
15.62
20.41
22.73
16.39
8.93
20.83
15.62
24.39
13.33
11.49
35.71
24.39
10.53
13.33
11.24
18.18
11.36
10.75
18.18
9.26
13.51
10.00
14.93
31.25
13.33
15.87
22.22
25.00
11.24
11.11
23.26
10.10
17.24
10.87
12.05
14.93
9.80
12.99
14.29
38.46
24.39
14.08
16.67
13.89
13.89
18.87
19.23
21.28
12.99
10.87
12.20
10.64
18.87
10.00
23.81
18.18
18.52
29.41
16.39
10.64
17.24
34.48
14.71
12.82
25.64
16.39
22.22
22.73
23.26
16.95
23.81
9.43
8.85
18.87
25.64
14.49
11.49
10.53
14.08
12.66
11.11
15.87
9.26
14.49
16.95
14.08
20.83
27.03
12.66
10.87
9.52
10.31
18.18
11.36
17.86
11.76
18.18
14.08
27.03
16.95
9.62
13.70
10.53
14.93
10.00
12.05
17.86
15.38
10.99
17.86
15.62
23.81
13.89
26.32
20.83
20.00
11.63
34.48
9.52
14.29
12.82
19.23
12.20
20.41
21.74
29.41
17.24
14.08
12.50
24.39
16.39
22.73
11.63
38.46
18.18
15.62
17.24
21.28
13.51
20.41
21.28
11.90
19.61
16.13
12.99
18.18
12.66
17.24
16.95
19.23
14.29
18.52
15.38
14.49
26.32
18.18
10.87
13.33
18.87
21.28
11.76
33.33
26.32
10.87
12.82
18.18
15.15
15.15
9.52
13.70
19.61
9.01
7.04
18.87
15.15
29.41
22.22
15.62
12.05
11.90
9.01
14.29
11.76
8.47
23.81
40.00
19.23
16.95
13.33
9.62
15.62
18.87
20.00
22.73
21.74
12.20
34.48
18.87
22.73
17.54
13.89
14.49
12.50
17.54
11.11
22.22
14.49
37.04
26.32
25.64
12.66
14.29
32.26
16.67
16.95
29.41
13.70
11.90
10.64
12.20
20.41
17.86
23.26
17.54
13.89
16.95
12.50
10.75
10.20
12.20
14.29
29.41
21.28
35.71
14.29
18.87
12.82
16.95
16.67
15.62
13.70
18.52
26.32
11.63
13.33
16.39
18.87
18.52
10.87
21.74
15.38
10.75
14.49
21.74
9.17
8.93
16.13
9.35
13.51
9.90
19.61
11.63
20.41
28.57
11.90
26.32
10.53
22.73
10.20
13.51
22.22
18.52
11.76
25.64
18.87
13.33
8.62
18.18
15.15
12.66
27.03
16.39
19.23
22.73
11.24
14.93
10.20
14.08
28.57
11.36
12.05
15.38
22.22
8.00
10.31
17.86
15.87
10.10
13.33
10.87
11.76
12.82
9.80
10.64
7.04
8.85
10.31
11.76
12.99
24.39
12.35
16.39
15.87
17.24
22.73
11.24
10.10
9.35
10.99
9.62
11.24
9.62
8.47
8.40
9.62
10.75
9.43
10.20
9.80
9.52
9.80
17.86
17.54
13.70
11.36
19.61
27.03
15.38
21.74
12.50
14.93
17.24
21.28
18.18
23.26
20.83
19.23
15.38
20.83
32.26
13.89
12.20
18.52
17.54
16.39
12.50
16.95
20.83
13.70
14.29
12.50
18.18
13.51
10.42
16.67
17.54
14.93
14.08
13.16
